[app/install/install_source_checksum]
version = 7.0.1
modtime = 1516361661.583978000

[views/slideshow_setup]
version = 7.0.1
modtime = 1516717009.762876000
